,Zip,count
0,10001,295
1,10002,1016
2,10003,787
3,10004,42
4,10005,102
5,10006,55
6,10007,34
7,10009,961
8,1001,1
9,10010,269
10,10011,679
11,10012,608
12,10013,366
13,10014,640
14,10016,483
15,10017,125
16,10018,186
17,10019,648
18,10021,160
19,10022,172
20,10023,350
21,10024,345
22,10025,584
23,10026,266
24,10027,454
25,10028,225
26,10029,400
27,10030,148
28,10031,403
29,10032,266
30,10033,156
31,10034,74
32,10035,200
33,10036,461
34,10037,78
35,10038,158
36,10039,67
37,10040,124
38,10044,33
39,10045,1
40,10065,174
41,10069,19
42,10075,145
43,10080,2
44,10128,331
45,10162,3
46,10280,72
47,10281,3
48,10282,9
49,10301,53
50,10302,3
51,10303,5
52,10304,11
53,10305,10
54,10306,18
55,10307,1
56,10308,2
57,10310,1
58,10312,2
59,10314,10
60,10451,24
61,10452,8
62,10453,7
63,10454,11
64,10455,11
65,10456,8
66,10457,7
67,10458,9
68,10459,3
69,10460,7
70,10461,9
71,10462,5
72,10463,32
73,10464,7
74,10465,2
75,10466,5
76,10467,13
77,10468,9
78,10469,18
79,10470,4
80,10471,5
81,10472,5
82,10473,12
83,10475,7
84,10704,1
85,111006,1
86,11101,172
87,11102,143
88,11103,159
89,11104,77
90,11105,121
91,11106,174
92,11109,26
93,11126,1
94,11201,370
95,11203,31
96,11204,11
97,11205,405
98,11206,620
99,11207,175
100,11208,27
101,11209,57
102,11210,50
103,11211,1119
104,11212,5
105,11213,194
106,11214,4
107,11215,477
108,11216,636
109,11217,408
110,11218,129
111,11219,13
112,11220,114
113,11221,602
114,11222,579
115,11223,13
116,11224,7
117,11225,326
118,11226,279
119,11228,5
120,11229,12
121,11230,51
122,11231,217
123,11232,40
124,11233,215
125,11234,10
126,11235,41
127,11236,37
128,11237,503
129,11238,747
130,11239,1
131,11249,361
132,11354,6
133,11355,41
134,11356,5
135,11357,1
136,11358,8
137,11360,5
138,11361,7
139,11364,1
140,11365,3
141,11366,1
142,11367,6
143,11368,17
144,11369,13
145,11370,12
146,11372,70
147,11373,30
148,11374,32
149,11375,55
150,11377,99
151,11378,11
152,11379,5
153,11385,120
154,11411,3
155,11412,9
156,11413,12
157,11414,1
158,11415,21
159,11416,6
160,11417,6
161,11418,17
162,11419,4
163,11420,4
164,11421,14
165,11422,2
166,11423,2
167,11427,1
168,11429,5
169,11432,16
170,11433,4
171,11434,22
172,11435,7
173,11436,6
174,11691,11
175,11692,8
176,11693,15
177,11694,16
178,12337,1
179,14072,1
